0 0 0 0 0 0 0 2 2 0 0 0 0 0 0 0 0
0 0 0 0 2 0 0 0 0 0 0 0 2 0 0 2 0
0 0 0 0 0 0 0 0 0 0 2 0 4 0 0 2 4
0 0 0 0 0 0 0 0 2 0 0 0 4 0 2 2 4
0 0 0 0 0 2 0 0 2 0 0 0 4 0 2 2 4
0 0 0 0 0 0 0 2 2 0 0 0 4 2 2 2 4
0 0 0 0 0 0 0 2 2 0 0 0 4 2 2 4 8
0 0 0 0 0 0 0 0 2 2 0 2 4 2 2 4 8
0 0 2 0 0 0 0 0 2 0 0 2 4 4 2 4 12
0 0 0 0 2 0 0 0 2 0 0 2 4 4 4 4 16
0 0 0 0 2 0 0 0 4 0 0 2 4 4 4 4 20
0 0 0 0 0 0 0 0 2 2 0 2 8 4 4 4 28
0 0 0 0 2 0 0 0 2 2 0 2 8 4 4 4 28
0 0 0 0 0 0 0 2 4 2 0 2 8 4 4 4 32
0 0 0 0 2 0 0 0 4 2 0 4 8 4 4 4 36
0 0 0 0 2 0 0 2 4 2 0 0 8 4 4 8 44
0 0 0 0 2 0 2 0 4 2 0 2 8 4 4 8 44
0 0 0 2 2 0 0 0 4 2 2 2 8 4 4 8 44
0 0 2 0 2 0 0 0 4 2 2 4 8 4 4 8 48
0 0 2 0 2 0 0 0 4 2 4 4 8 4 4 8 52
2 0 0 0 2 0 0 0 4 2 2 4 8 4 8 8 60
0 0 0 0 4 0 0 2 4 2 2 4 8 4 8 8 64
0 0 2 0 0 0 0 2 8 2 2 4 8 4 8 8 72
2 0 0 0 0 0 0 2 0 2 4 4 16 4 8 8 92
0 0 0 2 0 0 0 2 2 2 4 4 16 4 8 8 92
0 0 0 0 0 0 2 4 2 2 4 4 16 4 8 8 96
0 0 0 0 0 2 2 0 2 2 4 8 16 4 8 8 104
0 0 0 0 0 0 2 2 2 4 4 0 16 4 8 16 124
0 0 2 0 0 0 2 0 2 0 4 2 16 8 8 16 132
0 0 0 0 0 2 4 0 2 0 4 2 16 8 8 16 136
2 0 0 0 0 0 0 0 2 2 8 2 16 8 8 16 144
0 0 0 0 0 2 0 0 4 2 0 2 16 8 16 16 164
0 0 0 0 2 0 0 0 4 4 0 2 16 8 16 16 168
0 0 0 0 2 0 0 0 4 4 2 2 16 8 16 16 168
0 0 0 0 2 0 0 2 4 4 2 2 16 8 16 16 168
0 0 0 0 2 0 0 2 4 4 2 4 16 8 16 16 172
0 0 0 0 2 2 0 2 4 4 2 4 16 8 16 16 172
0 0 0 0 2 2 2 2 4 4 2 4 16 8 16 16 172
0 0 0 2 2 2 0 2 4 4 4 4 16 8 16 16 176
0 2 0 0 2 2 0 4 4 4 4 4 16 8 16 16 180
0 0 0 2 2 4 0 0 4 4 4 8 16 8 16 16 192
0 2 0 0 2 0 0 2 4 8 4 8 16 8 16 16 200
0 0 0 2 2 0 0 2 4 2 4 8 16 16 16 16 216
2 0 0 0 2 0 0 4 4 2 4 8 16 16 16 16 220
2 0 0 2 0 0 2 4 4 2 4 8 0 0 32 32 284
0 0 0 4 0 0 2 4 4 2 4 8 0 0 0 64 352
