0 0 0 0 0 0 2 2 0 0 0 0 0 0 0 0 0 0 0 0 0 0 0 0 0 0
0 0 0 0 0 0 0 0 0 0 0 2 0 0 0 0 0 0 0 0 0 2 2 0 0 0
0 0 0 0 0 0 0 0 0 0 0 0 0 2 0 0 0 0 0 0 0 4 2 0 0 4
0 0 0 0 0 0 2 0 0 0 0 0 0 0 0 0 0 0 0 0 0 4 2 2 0 4
0 0 0 0 0 0 0 0 0 0 0 2 0 0 0 0 2 0 0 0 0 4 2 2 0 4
0 0 0 0 0 0 0 0 0 0 0 0 0 0 2 0 4 0 0 0 0 4 2 2 0 8
0 0 0 0 0 0 0 0 0 0 0 0 0 0 0 0 2 0 0 0 0 8 2 2 2 16
0 0 0 0 0 0 0 0 0 0 0 0 0 0 0 0 2 0 0 2 0 8 2 2 2 16
0 0 0 0 0 0 0 0 0 0 0 0 0 0 0 0 2 0 2 0 0 8 2 2 4 20
0 0 0 0 0 0 0 0 0 0 0 0 2 0 0 0 2 0 0 0 0 8 2 4 4 24
0 0 0 0 0 2 0 0 0 0 0 0 0 0 0 0 2 0 0 0 0 8 4 4 4 28
0 0 2 0 0 0 0 0 0 0 0 0 0 0 0 0 2 0 0 0 2 8 4 4 4 28
0 0 0 0 2 0 0 0 0 0 0 0 0 0 0 0 2 2 0 0 2 8 4 4 4 28
0 0 0 0 0 0 2 0 0 0 0 0 0 0 0 0 2 2 0 2 2 8 4 4 4 28
0 0 0 0 0 2 0 0 0 0 0 0 0 0 0 0 4 2 0 2 2 8 4 4 4 32
0 0 0 0 0 0 0 0 2 0 0 0 0 0 0 0 4 2 0 2 4 8 4 4 4 36
0 0 0 0 0 0 0 0 0 0 0 0 0 2 0 0 4 2 2 2 4 8 4 4 4 36
0 0 0 0 0 0 0 0 0 0 0 2 0 0 0 0 4 2 4 2 4 8 4 4 4 40
0 0 0 0 2 0 0 0 0 0 0 2 0 0 0 0 4 2 0 2 4 8 4 8 4 48
