2 0 0 0 0 0 0 0 0 0 0 0 0 0 2 0 0 0 0 0 0 0 0 0 0 0
0 0 0 0 0 0 0 0 0 0 0 0 0 0 0 0 2 0 0 0 2 0 0 0 2 0
0 0 0 0 0 2 0 0 0 0 0 0 0 0 0 0 0 0 0 0 2 2 0 0 2 0
0 0 0 0 0 0 0 0 0 0 0 0 0 0 0 0 0 0 0 0 4 2 2 0 2 4
0 0 0 0 2 0 0 0 0 0 0 0 0 0 0 0 0 0 0 0 4 2 2 0 2 4
0 0 0 0 0 0 0 0 0 0 0 0 0 2 0 0 0 0 0 0 4 2 2 0 4 8
0 0 0 0 0 0 0 0 0 0 0 0 2 0 0 0 0 0 0 0 4 2 2 2 4 8
0 0 0 0 0 2 0 0 0 0 0 0 0 0 0 0 0 0 0 0 4 2 4 2 4 12
0 0 0 0 0 0 2 0 0 0 0 0 0 0 0 2 0 0 0 0 4 2 4 2 4 12
0 0 2 0 0 0 0 0 0 0 0 0 0 0 0 2 0 0 0 0 4 4 4 2 4 16
0 0 0 0 2 0 0 0 0 0 0 0 0 0 0 2 0 2 0 0 4 4 4 2 4 16
0 0 0 0 0 0 0 2 0 0 0 0 0 0 0 2 0 2 0 2 4 4 4 2 4 16
2 0 0 0 0 0 0 0 0 0 0 0 0 0 0 2 0 4 0 2 4 4 4 2 4 20
0 0 0 0 0 0 0 0 0 2 0 0 0 0 0 4 0 0 0 2 4 4 8 2 4 32
0 0 0 0 0 2 0 0 0 0 0 0 0 0 0 0 0 0 0 4 8 4 8 2 4 44
0 0 0 0 0 0 0 0 0 0 0 2 0 0 0 2 0 0 0 0 8 4 8 2 8 52
0 0 0 0 0 0 0 0 0 0 0 0 2 0 0 2 2 0 0 0 8 4 8 2 8 52
0 0 0 0 0 0 0 0 0 0 0 0 2 0 0 2 2 2 0 0 8 4 8 2 8 52
0 0 0 0 0 0 0 0 0 0 0 0 0 0 0 2 2 4 2 0 8 4 8 2 8 56
